1000 2999
9170 610 3460 8720 1120 1280 3520 4730 7360 2980 9170 7880 8850 4360 4670 6220 4170 5450 2800 9960 1270 4450 6870 6760 3770 8740 9330 9330 480 6580 4570 4950 8110 3510 4020 600 9870 9070 1540 9340 3640 5600 7080 6070 9790 440 8060 7860 8950 2620 9430 1890 5420 7690 940 9580 5510 7400 1540 1850 4560 2530 6070 2400 6020 5840 2610 950 2770 4970 7000 3490 5660 2230 7820 5730 7710 4360 730 9230 250 9400 1960 9510 480 3320 1840 3350 3740 6460 7330 1220 2580 4500 600 4770 3970 7490 2700 4950 9460 6130 8970 3200 7710 3200 3000 3290 4340 3630 6670 7640 5730 4420 2570 5030 160 2600 4290 6860 8770 8600 2750 1660 3250 7590 2180 5220 8340 6490 7700 3560 1430 1750 2970 660 8760 2830 4170 8120 1500 8410 4530 890 2890 3970 8190 7080 2520 1170 6570 2350 7290 9280 830 2390 9650 2640 3640 9240 1480 7090 7080 7230 7830 800 2650 1270 1430 1520 8620 8790 8050 6530 6420 6900 7850 1430 9640 1510 1410 430 5850 5030 3600 800 7740 500 8720 5490 4360 3960 3190 5560 3580 8500 2000 270 8580 1200 200 630 4870 8930 6910 4420 1060 1990 6660 310 1260 1880 9660 8080 4060 5560 4380 570 7210 9460 9040 5000 8880 3040 460 3880 2000 6430 3300 5910 5620 6700 1840 6610 6760 2060 5070 1150 9920 6200 7200 380 5410 2490 7100 5310 2040 7620 7520 1830 1030 5040 3700 7840 1790 2160 3750 6090 800 4290 2750 470 1910 1410 4510 5810 8670 4780 5000 2370 8060 7450 4320 4810 9090 7670 9430 7530 3650 9580 3970 6270 1500 2810 360 7570 5600 9340 3890 870 3090 50 4160 2880 9180 5990 4570 2960 8680 9230 7140 5960 250 3870 2390 820 8570 6550 8420 9960 8120 4160 4370 4510 2440 5010 1020 4460 4870 2060 5690 5750 8450 8290 6810 1800 8660 3290 3150 2500 9750 5010 7120 6430 950 5430 8180 5550 1830 70 3700 450 7270 7770 4990 2810 4270 6810 6270 9450 4600 6080 9400 9990 5730 380 2540 5190 1700 0 1550 4180 2520 9270 3830 1110 20 9740 5060 2020 1950 4530 550 7370 5860 4430 9550 6430 5470 3050 8290 2660 5020 1120 6460 5030 8010 9110 830 7030 7020 3220 8630 7130 230 2780 9980 380 3190 9310 2570 4970 3440 5690 9780 1510 3220 5670 6660 6730 4870 4580 3700 6860 1630 4640 8820 1670 2120 5030 490 3920 9450 5750 8600 1490 4320 5650 5620 2280 530 750 7190 4580 1390 1910 2830 7510 9980 2020 1400 3550 7720 5360 8490 8650 570 6600 8230 2590 310 3470 2980 8850 1770 7610 3120 1760 8180 6070 470 5920 3890 7920 4020 8450 3820 3100 3590 3010 5430 970 3860 4810 9200 3490 7510 1150 3200 7620 9120 2230 9120 9360 8700 7320 920 8070 6440 3260 9420 6160 2970 4120 30 7150 3810 930 3660 580 3780 9490 6110 6350 5720 6630 8110 8770 2570 660 5020 9260 620 4170 2570 3200 1980 8310 6840 6860 7380 7210 3020 2740 2040 560 4490 1250 2370 7530 8090 2970 7390 9480 7570 5210 8790 1790 6230 6700 600 750 1360 7880 1750 7440 6840 2570 5850 2200 2120 8230 1390 5190 5660 5050 4740 1820 7880 4770 6930 8490 8520 7910 6600 2000 4520 7230 6860 5540 8400 9840 9940 6580 8800 5370 2750 5790 1620 4060 3600 560 8280 6690 2300 3480 8540 9450 8620 3190 6170 5780 1870 6300 1620 6740 5100 4550 8730 6200 5660 7930 9860 6490 5980 6410 3700 6740 6710 2180 3120 6680 8790 4310 5010 7290 2470 3730 7620 3370 4980 7460 810 810 5970 2360 6650 7950 2020 1930 2570 2800 1720 7990 5050 400 700 7290 3450 5960 50 5670 6510 5940 8870 320 750 8180 8470 7630 4710 270 1610 9820 8440 4600 2080 6310 1280 1540 1350 9970 6480 7180 9880 6840 4270 3570 5800 4360 9840 8330 570 9030 4110 8810 6630 380 8360 1330 2410 9630 7650 1270 9490 7070 9100 4660 9710 5760 3880 940 9280 8900 9870 7500 6900 7840 9580 680 450 6610 5200 3940 1300 4170 9970 8530 8780 5050 6670 4810 7290 4250 9000 2250 540 450 6170 4710 4570 2160 630 8460 5190 5270 9060 980 1500 8280 8910 6740 5570 3960 5550 9700 7430 8160 1390 7690 9800 5610 4990 5190 3020 1370 8650 9160 2210 3580 3240 980 4470 6360 3200 3270 3410 3070 1180 900 7280 5870 3700 8750 3520 6220 6210 3680 5320 120 1660 1270 10 7170 6470 280 40 2280 4950 8210 4040 6280 5850 1850 6810 670 1480 1460 2440 7810 2500 2030 1050 4220 3490 910 5800 9440 8920 5550 8320 2900 3240 8000 8220 4110 610 1200 5120 5350 7230 3000 6350 8870 6360 9560 9900 890 5740 8330 6720 9870 1920 3030 3970 9900 840 1120 3600 4740 1810 1100 5010 1420 3170 3460 6940 8600 1350 4360 5740 6630 3390 6460 2520 680 6270 9620 6860 2300 1690 880 5560 9380 6380 9580 350 430 2630 4820 4010 6010 80 2260 2840 3430 8610 4100 6620 7630 7590 6840 6050 6390 8020 4540 260 4010 5900 1680 4290 8880 8620 2680 4280 7360 5750 850 4200 3080 9060 2590 460 7040 6270 1290 5730 4070 3870 230 7620 470 2530 2650 4120 7650 8820 7110 2170 4490 7750 3730 5600 8810 7770 8580 8500 3130 570 1010 6950 5490 8430 7030 3700 8830 630 2340 9510 2150 3180 7700 8760 2980 2910 5930 5240 9370 2200 4770 3110 2220 5640 4850 9990 5390 3980 560 1300 3870 4420 1780 4270 3850 4460 6330 5250 5380 9650 2300 420 5570 3510 2100 7230 7950 8500 1900 1890 2550 5420 1070 9790 540 3320 3170 660 1090 1680 5540 9020 8370 2720 4600 8980 9650 2290 9140 2630 6990 510 2840 3630 770 3550 5740 3660 7610 3410 9520 
0 355 768
811 579 933
799 170 814
770 452 465
559 646 190
851 473 465
302 312 73
547 317 580
171 526 765
388 917 263
586 922 944
847 157 79
140 367 24
649 879 70
979 884 251
502 289 640
750 711 735
353 976 754
649 752 158
517 16 138
482 285 299
245 886 779
779 841 360
856 588 783
642 672 932
660 611 297
566 167 787
96 213 913
920 292 434
354 815 808
713 284 788
942 295 697
231 313 666
827 792 775
41 911 958
125 696 837
912 672 762
227 466 842
654 290 416
180 425 830
928 185 596
45 220 83
679 608 55
609 346 128
663 79 771
875 660 737
291 242 157
154 273 726
636 474 607
501 391 484
997 634 649
881 216 698
206 215 5
687 134 529
1 241 603
648 502 808
698 399 309
382 173 82
338 33 28
338 873 286
742 616 769
417 671 398
739 819 987
309 920 912
728 397 726
362 345 845
185 77 155
689 544 480
652 856 199
315 937 638
705 166 776
432 68 917
532 370 260
361 356 535
909 637 377
931 163 871
286 333 353
622 517 233
552 837 326
564 132 432
742 773 693
409 1 391
528 752 993
713 58 17
12 138 160
145 944 201
672 150 618
50 477 468
412 813 76
718 954 625
711 775 983
164 156 819
876 529 999
316 993 620
247 760 637
430 226 389
323 151 619
405 938 221
925 271 591
666 904 266
306 907 138
344 347 598
104 385 751
78 39 962
981 941 227
813 136 4
202 178 655
294 369 72
966 334 188
991 359 194
105 634 878
422 244 79
958 629 405
899 332 927
361 163 126
409 503 23
635 570 8
435 815 761
867 429 474
332 667 172
936 376 407
213 906 184
964 106 312
18 92 470
144 194 557
459 180 22
346 499 316
100 260 878
288 587 110
709 155 96
84 863 62
862 657 848
390 569 355
178 4 899
676 183 996
779 964 505
326 275 302
280 330 67
864 588 632
851 120 293
899 673 679
347 423 384
723 466 817
320 751 534
998 43 765
538 209 553
879 316 780
723 629 455
207 123 228
353 742 732
592 790 101
807 110 665
898 895 442
513 681 817
537 884 261
487 215 763
755 36 153
335 674 4
655 25 486
893 98 431
212 120 734
736 419 639
164 935 682
773 894 157
590 422 627
497 117 404
817 617 152
317 268 815
545 313 905
114 120 931
794 814 310
19 736 274
637 171 285
591 365 363
648 754 81
717 191 492
925 17 778
535 897 833
822 676 734
421 778 908
941 606 430
827 776 953
363 845 533
22 768 952
996 998 952
909 4 183
990 102 469
841 13 170
244 511 838
454 570 137
890 864 43
991 650 699
477 558 608
125 206 407
156 540 452
420 824 365
714 501 821
96 695 401
380 920 628
29 232 758
30 931 335
992 226 489
654 780 301
296 562 200
329 112 86
664 15 363
925 537 134
239 537 884
826 477 744
700 52 767
333 860 623
556 576 193
435 288 474
669 493 158
100 606 265
726 746 385
932 227 490
156 635 136
135 211 247
108 94 746
244 232 121
294 626 547
734 872 799
801 377 295
858 291 364
113 915 86
103 34 744
736 451 261
342 170 995
853 175 493
74 778 564
934 786 643
819 584 246
374 229 473
134 328 962
372 264 533
711 886 266
377 712 381
916 781 679
254 189 372
320 681 359
129 346 304
932 388 657
314 814 142
581 796 935
330 600 978
943 501 255
837 548 413
980 178 974
520 542 141
534 577 763
563 217 423
496 92 174
27 661 291
944 772 299
555 199 402
431 356 598
222 969 579
59 446 708
19 482 908
679 151 74
346 886 511
318 638 755
724 432 390
594 872 161
410 838 690
70 334 618
517 754 820
600 803 20
857 5 59
401 626 332
853 307 60
280 184 807
199 80 324
261 621 915
498 263 417
661 86 416
635 117 866
675 845 289
244 580 810
17 752 130
270 410 865
745 952 623
976 62 918
457 60 918
515 419 414
998 305 826
454 240 625
483 427 263
149 942 40
950 86 339
676 711 818
169 735 525
224 493 606
210 357 546
808 577 943
214 325 518
786 753 408
297 659 438
544 551 535
443 517 155
653 819 420
353 360 840
506 375 611
954 703 42
959 394 469
793 954 76
413 226 681
115 701 184
294 204 439
985 25 255
491 630 979
891 451 214
218 529 569
364 175 78
813 330 944
187 520 911
574 328 869
881 248 832
785 318 93
397 908 313
623 877 391
4 602 238
12 359 987
867 982 126
885 699 998
907 230 377
872 471 799
804 13 838
50 10 755
382 568 694
76 38 147
431 999 374
797 719 954
156 108 755
464 739 851
146 74 260
863 500 589
321 784 415
621 973 839
726 783 907
22 315 42
768 154 636
713 467 449
125 747 930
152 751 540
647 139 804
494 362 388
960 82 434
311 963 544
21 126 592
101 679 772
244 470 39
266 251 811
248 99 112
46 684 847
339 976 302
187 45 444
364 172 529
448 8 238
502 554 486
3 159 964
989 130 546
776 176 828
216 418 676
914 151 90
662 74 163
828 837 612
863 336 391
957 236 836
637 924 476
279 925 690
548 753 122
648 996 350
676 841 96
738 687 931
683 21 545
978 214 253
764 276 209
507 195 805
133 720 637
137 759 35
103 629 394
341 250 514
518 621 835
564 387 403
633 771 295
499 732 381
751 712 835
645 684 940
346 26 44
760 611 859
450 114 606
59 720 143
792 510 860
410 514 838
432 698 188
87 687 655
712 116 257
380 619 379
283 208 352
639 903 206
406 77 670
356 931 364
961 626 857
699 385 214
892 790 191
952 277 532
896 232 404
896 64 733
244 145 932
70 158 672
29 908 650
812 953 536
166 971 641
265 143 912
330 567 581
287 992 370
380 132 6
945 40 62
780 365 418
867 929 328
976 539 375
811 788 705
851 926 77
702 224 599
498 960 414
656 679 316
937 287 895
180 391 588
249 699 244
57 686 913
997 463 650
503 175 506
402 748 565
464 177 652
609 88 188
678 283 359
58 115 504
894 463 14
312 766 418
629 251 909
993 38 761
864 109 175
141 811 523
910 677 252
200 536 457
980 306 971
100 584 108
849 391 331
724 629 802
656 587 773
103 562 734
673 862 979
388 122 319
225 321 119
670 268 650
93 294 404
633 658 867
117 889 706
947 770 544
978 373 79
205 98 969
770 580 312
162 66 175
136 401 427
936 223 94
980 922 940
641 570 433
192 236 419
933 196 280
463 79 237
716 118 280
946 605 753
311 646 660
655 118 698
751 429 481
278 765 964
825 333 616
51 330 935
500 89 896
713 615 771
56 204 387
164 491 204
883 60 952
580 606 704
179 975 426
839 346 585
113 897 701
607 209 175
878 800 538
910 570 344
912 608 128
105 83 198
964 921 298
910 706 529
456 427 714
289 906 742
646 891 669
942 784 434
463 692 368
840 257 477
860 875 944
569 364 759
379 119 28
665 306 760
523 887 281
366 131 323
337 416 745
741 332 762
508 804 725
109 684 87
169 514 980
896 790 856
145 521 464
933 308 780
420 357 373
725 823 54
691 100 324
381 1 680
153 533 873
806 251 731
409 482 602
313 871 821
117 658 31
350 810 137
283 221 855
869 297 895
423 643 912
674 763 184
866 533 143
8 198 898
889 331 291
7 290 930
605 509 28
492 696 308
637 109 578
911 672 619
877 612 936
325 600 602
342 327 264
614 456 919
88 107 750
311 99 357
977 314 618
861 73 815
541 601 980
415 536 774
203 63 597
716 314 809
351 788 724
665 193 768
532 696 706
316 104 239
888 782 346
444 969 813
498 698 639
870 579 389
902 421 135
175 882 767
900 265 707
60 804 341
969 604 706
833 626 664
282 263 167
851 358 881
524 650 647
489 199 264
883 405 471
847 309 772
741 984 175
846 835 977
906 392 605
832 737 721
235 977 639
289 565 504
250 936 249
351 399 308
975 331 963
675 206 818
747 374 92
800 165 854
350 365 632
311 164 476
522 99 22
278 580 144
926 340 848
653 860 137
318 71 177
318 343 71
408 971 44
32 366 1
449 340 264
550 238 830
989 386 280
88 396 54
767 985 299
326 314 334
259 426 944
343 524 287
346 716 960
644 839 741
587 439 593
22 966 856
319 889 767
708 954 389
320 686 451
433 365 103
899 583 251
106 92 487
84 888 634
617 90 114
61 821 505
681 737 333
254 474 633
617 608 565
572 611 723
858 621 876
447 472 133
793 641 675
306 236 458
951 79 745
36 680 685
578 885 425
324 926 796
812 984 986
750 735 117
847 697 636
56 203 82
994 79 679
962 420 750
497 47 758
284 518 472
171 384 213
211 802 712
779 516 61
304 924 472
877 37 131
562 394 834
155 359 400
79 725 583
834 827 15
0 324 996
769 846 698
139 232 465
985 526 739
309 733 301
198 930 464
315 927 26
862 140 648
66 664 299
787 847 960
296 258 483
871 913 256
829 188 750
823 119 703
103 881 814
893 147 759
239 860 294
118 276 736
417 968 321
988 96 286
438 32 999
762 171 424
820 947 874
470 70 939
192 227 293
102 276 359
549 397 732
608 439 162
250 843 235
402 10 900
594 839 923
845 510 59
408 549 997
524 245 274
127 755 648
735 721 703
546 741 69
915 313 180
272 926 858
292 205 26
458 511 918
49 525 379
834 727 682
515 181 847
733 817 664
170 719 273
942 700 941
467 780 606
55 496 672
386 23 65
957 272 438
939 246 56
736 815 536
297 370 711
162 233 768
410 581 431
567 92 968
911 482 896
977 935 509
330 702 622
830 561 467
642 950 241
553 781 228
927 363 624
159 830 515
592 929 524
241 926 998
585 259 225
953 422 821
898 792 595
157 328 108
217 6 209
568 948 229
646 3 667
472 512 482
129 413 525
247 344 633
268 58 506
872 67 458
188 807 857
59 69 689
764 587 16
369 560 186
337 298 28
626 611 117
389 72 566
991 674 388
887 511 287
555 71 60
861 332 431
964 910 351
734 979 319
523 365 652
982 158 534
879 800 8
192 687 705
36 57 573
619 934 690
818 704 139
412 128 615
229 60 297
43 252 181
164 388 577
598 575 989
266 260 75
391 357 638
156 851 585
530 182 230
247 12 503
925 289 344
59 359 932
355 193 153
910 969 112
417 364 98
490 266 365
168 756 441
961 757 671
50 5 825
940 983 951
135 818 639
738 980 624
554 50 544
100 593 334
736 218 288
808 403 900
942 310 802
594 104 112
151 258 518
821 413 114
777 437 545
751 251 857
953 306 287
348 449 241
321 751 309
304 187 268
556 166 508
49 88 35
473 871 528
581 748 80
69 291 364
773 792 159
870 193 46
78 637 256
341 473 511
714 715 570
289 409 585
707 842 482
324 12 465
233 773 15
586 324 969
475 955 895
345 589 145
909 237 536
7 915 136
659 110 83
173 473 675
659 955 210
317 447 54
99 83 419
154 106 192
939 247 720
154 783 719
150 224 206
613 380 411
372 53 59
607 232 155
226 301 325
721 303 185
271 982 210
934 480 852
738 55 621
795 909 239
997 325 806
288 113 880
406 390 795
571 519 393
45 213 320
307 776 243
635 403 634
378 773 766
371 42 581
814 581 626
710 329 388
371 607 539
882 623 933
122 923 912
58 331 483
119 48 299
228 660 419
719 886 156
310 100 244
730 477 373
615 844 445
464 898 389
130 387 615
231 217 442
174 193 321
345 626 94
547 264 234
641 748 327
346 706 606
39 612 687
495 152 442
347 984 834
759 553 505
168 489 384
782 740 292
866 353 849
0 732 221
120 959 448
43 290 297
310 293 102
637 17 591
343 780 111
17 639 45
924 805 474
354 633 536
317 469 430
455 564 64
678 716 757
801 83 937
858 531 874
825 400 27
412 844 108
877 361 7
307 31 426
939 544 764
181 985 709
850 255 608
497 643 20
998 908 277
896 31 282
766 832 359
503 359 496
256 940 329
355 354 978
350 242 715
505 329 830
358 412 852
139 280 971
296 853 382
196 356 282
225 646 842
726 728 678
327 98 825
532 63 450
964 878 893
313 819 908
861 41 314
949 557 416
321 290 500
464 615 68
443 186 452
497 713 22
266 656 627
574 485 695
807 831 259
71 430 473
695 802 643
284 945 309
823 54 714
363 136 245
927 957 32
242 654 322
835 788 990
808 919 717
483 829 156
275 277 846
324 44 491
958 362 691
60 928 303
134 161 856
808 203 947
715 177 219
554 349 288
333 13 780
20 980 698
355 33 574
490 254 945
669 10 625
899 454 392
532 261 975
322 439 297
383 83 234
997 238 197
430 612 699
729 281 83
133 916 548
213 475 258
988 744 936
475 657 223
184 121 896
374 401 660
380 671 800
255 49 388
346 418 89
711 814 305
133 459 800
311 609 490
643 493 889
237 184 869
182 548 164
420 606 77
552 48 769
148 455 417
131 707 641
902 957 787
588 916 741
157 392 95
433 963 652
564 120 986
266 275 129
236 116 855
795 537 162
902 665 696
406 426 3
955 112 578
245 203 862
574 23 136
13 608 360
117 594 865
745 377 554
96 38 27
373 823 384
152 37 694
264 192 749
28 772 392
542 704 557
520 474 367
785 599 809
24 860 225
204 622 713
339 401 474
809 848 800
248 205 242
701 885 874
483 873 996
471 640 661
861 888 535
188 200 734
368 460 604
869 854 387
736 41 304
453 859 613
122 912 389
240 382 679
234 407 706
393 904 374
855 582 861
870 995 336
269 843 697
387 971 608
932 529 322
638 525 439
927 572 394
435 278 202
423 121 472
210 967 184
848 245 413
923 974 814
363 307 502
432 888 881
782 475 287
833 578 269
109 387 173
363 228 781
867 876 461
851 550 869
67 731 753
388 799 952
408 256 559
247 538 263
49 514 823
325 874 267
161 399 978
572 469 170
140 393 928
903 334 207
740 506 415
353 409 917
696 920 551
353 737 139
326 766 167
995 327 480
985 151 308
593 719 265
960 533 70
327 666 599
450 810 185
786 139 635
770 278 413
405 368 627
17 510 269
742 333 207
221 349 626
690 701 428
688 452 337
354 675 894
376 167 890
496 651 584
536 404 986
145 536 682
167 388 471
964 576 320
371 759 303
985 14 163
144 186 751
154 359 282
172 941 321
945 25 849
608 290 859
900 92 993
96 433 84
995 480 731
90 737 518
318 391 654
382 304 621
380 364 658
787 732 349
246 855 238
504 36 511
240 532 906
344 446 400
651 612 526
946 837 62
2 245 31
344 761 912
602 456 134
577 269 324
158 404 370
24 335 789
576 233 78
198 954 612
616 256 986
604 440 374
78 946 315
837 595 956
35 579 637
791 660 371
368 290 682
138 797 204
622 149 528
637 38 356
632 99 885
182 483 922
54 651 123
169 115 725
243 777 868
342 747 111
352 68 430
809 111 265
793 551 842
805 624 773
555 299 590
890 233 339
749 233 649
112 704 358
927 147 281
993 228 400
437 211 293
872 384 506
534 227 55
590 260 694
392 786 807
444 981 559
430 669 539
17 300 669
381 296 820
933 875 910
728 536 953
933 981 121
311 42 765
225 723 82
970 53 177
460 479 441
148 239 390
359 819 309
190 280 253
631 53 289
166 898 71
905 161 434
156 675 687
429 338 871
563 446 454
951 283 862
605 195 569
298 858 87
199 840 116
847 455 130
720 809 339
777 328 855
253 527 134
829 725 850
122 404 534
915 684 565
713 853 373
723 302 413
90 209 822
748 473 13
975 663 297
644 285 297
22 80 765
914 825 467
647 766 402
332 542 96
606 399 258
170 272 470
57 564 866
563 679 834
759 835 178
834 292 795
517 820 144
594 961 176
324 292 882
736 696 164
614 734 557
353 20 167
356 136 889
799 899 908
864 354 155
965 522 727
43 278 798
310 936 307
16 584 167
603 762 42
57 62 528
466 593 658
444 559 311
464 552 141
519 290 654
17 479 43
711 598 835
521 26 783
351 101 876
557 1 444
459 944 182
91 613 968
104 569 266
962 857 902
614 464 14
355 232 773
722 75 932
787 451 400
898 212 142
39 914 923
540 530 448
711 452 951
900 819 911
591 111 270
779 717 529
557 599 284
975 307 359
650 962 203
896 382 406
925 731 859
387 114 117
661 582 843
667 404 746
940 476 917
16 760 962
931 35 131
775 898 604
734 500 509
853 480 852
389 206 94
922 592 820
784 574 431
100 68 516
725 386 273
668 6 666
771 6 306
810 238 530
170 224 18
747 217 731
909 709 19
612 485 858
441 843 226
478 984 175
399 797 386
114 536 861
55 157 314
905 894 568
977 216 856
38 841 982
772 407 232
447 935 694
448 683 393
69 693 268
396 506 634
426 653 144
664 843 20
95 408 266
216 223 564
783 974 609
763 773 335
997 236 215
338 857 385
923 400 682
11 391 942
430 452 341
497 837 90
349 581 908
311 178 897
408 735 126
234 624 559
350 386 682
364 672 127
430 654 125
925 447 549
502 436 629
793 844 420
376 389 456
697 617 322
33 575 286
450 800 355
794 14 770
80 570 89
282 173 739
459 276 47
190 331 667
635 90 704
750 835 228
616 203 691
554 110 554
560 143 568
618 249 978
737 700 709
527 91 995
247 386 491
884 27 422
479 201 206
182 819 105
743 933 751
0 312 539
428 399 363
559 999 277
233 989 251
369 724 133
974 739 476
837 238 534
280 128 524
800 446 83
281 776 792
88 407 839
658 320 49
167 572 401
400 715 2
8 828 390
72 76 852
288 398 362
364 509 78
313 826 916
355 90 342
817 201 243
551 407 292
26 585 608
505 446 31
496 976 903
82 33 268
754 651 21
889 389 230
995 263 887
563 408 303
662 116 937
318 276 176
524 100 13
708 904 486
306 397 205
268 301 973
336 960 147
853 596 531
517 301 869
995 547 116
814 692 957
347 302 230
375 236 2
690 545 892
567 993 848
193 458 780
514 265 731
665 94 69
485 150 330
713 617 525
934 487 412
69 239 815
294 732 795
183 741 767
363 700 666
743 684 519
239 375 139
596 189 752
996 803 411
444 895 170
859 750 944
578 723 75
318 574 943
395 238 322
73 191 476
66 330 916
491 341 587
990 198 143
218 714 268
586 754 332
315 28 458
969 901 787
102 327 310
431 702 208
199 208 974
827 655 891
645 921 393
502 924 896
732 826 382
944 565 328
489 696 387
863 640 919
102 678 959
353 705 254
834 649 171
673 478 675
363 12 711
5 114 27
663 587 62
326 729 634
793 9 516
128 25 269
521 618 508
629 938 603
323 381 632
342 455 524
667 976 678
734 75 65
820 945 678
95 779 28
889 755 370
235 512 741
488 550 543
904 853 201
506 832 738
70 370 750
488 758 389
115 812 92
82 985 775
625 875 876
303 994 677
308 275 315
266 699 228
323 17 619
9 120 829
662 769 767
524 930 312
261 660 466
461 630 751
753 793 732
289 895 439
934 913 443
822 454 603
117 735 766
693 620 887
7 446 84
309 616 907
269 153 460
958 345 642
500 403 370
561 50 812
868 935 758
865 300 663
925 760 656
424 575 791
693 40 79
324 591 635
196 614 686
560 680 941
868 293 345
550 714 780
315 13 830
724 533 486
646 673 819
229 702 839
644 877 198
341 44 797
405 33 184
932 441 840
263 62 761
560 710 324
587 638 565
976 752 536
48 519 365
686 53 777
151 232 929
678 434 606
435 514 415
873 195 572
324 341 126
131 606 444
203 452 795
878 624 809
932 991 501
733 257 2
58 585 451
771 32 333
578 485 573
14 128 52
578 113 63
460 342 50
392 67 181
756 249 200
202 158 46
298 866 564
469 303 10
19 368 760
540 637 510
593 201 577
786 732 817
380 301 728
446 373 674
33 21 107
221 983 214
619 749 785
379 319 145
917 416 693
846 629 388
139 6 134
205 71 402
420 467 194
644 585 722
200 232 897
696 981 535
979 505 265
484 982 650
522 329 90
312 580 52
271 835 769
526 667 255
877 593 384
834 437 312
197 790 717
685 697 459
127 467 725
30 217 473
417 661 36
523 957 272
367 698 406
572 399 362
678 739 10
595 486 628
651 415 806
447 857 719
237 39 149
914 663 374
822 650 408
678 523 93
455 486 344
619 30 975
450 359 504
299 421 414
889 328 416
506 133 925
454 944 259
208 601 989
25 570 541
643 674 912
324 345 883
771 42 78
374 38 32
752 792 248
183 210 582
332 803 541
274 225 91
470 475 894
643 624 369
726 647 978
379 33 198
386 194 794
225 659 77
396 644 829
94 692 392
910 822 572
188 904 46
140 37 318
615 500 374
935 852 22
189 671 128
220 307 844
324 695 963
681 817 687
631 891 392
262 624 924
681 900 696
710 806 402
18 752 316
69 717 14
679 135 20
75 51 954
329 71 770
520 402 549
999 448 985
464 206 134
518 450 810
404 63 218
145 704 631
794 618 823
938 604 227
799 517 540
481 383 878
441 960 227
46 249 139
181 649 93
270 127 997
212 114 784
354 120 646
96 519 556
644 983 136
590 13 939
624 788 126
275 956 786
73 674 943
50 878 796
988 541 480
880 276 348
256 232 781
498 99 515
777 982 399
54 831 887
172 236 198
74 411 602
305 9 215
891 177 303
743 243 456
112 987 901
30 451 591
123 819 424
388 317 889
877 92 286
116 528 83
234 958 959
802 674 719
969 931 934
676 278 442
170 690 622
413 217 898
820 438 918
235 479 856
157 305 178
749 515 326
622 459 681
741 801 562
404 684 597
661 604 592
360 134 96
836 801 859
345 525 424
294 706 83
741 485 216
352 966 570
769 851 504
132 371 236
976 700 205
618 375 252
355 559 532
383 992 499
123 523 164
998 52 741
7 415 51
842 158 781
267 426 135
455 165 672
808 119 319
813 793 955
749 199 641
634 880 369
308 147 221
387 858 204
208 190 824
656 632 66
247 352 531
239 493 769
330 828 179
75 96 535
658 720 70
371 696 415
476 212 374
499 701 288
227 446 49
813 675 653
271 326 550
2 481 378
331 856 722
383 729 485
353 62 740
237 35 927
11 568 285
531 928 915
744 728 94
98 29 26
817 535 402
646 993 673
565 596 138
516 815 845
619 528 650
810 217 84
795 325 183
144 913 84
625 833 921
901 808 356
541 702 44
370 972 601
317 449 909
962 712 389
64 784 26
154 831 550
461 546 361
754 903 750
926 553 445
997 561 878
214 962 888
450 442 496
295 793 520
480 768 709
679 507 655
337 873 617
247 698 681
970 478 414
919 975 449
413 97 120
2 257 511
250 712 197
351 768 376
365 621 514
474 305 800
771 812 209
845 257 582
969 791 11
899 570 829
181 876 873
293 79 321
668 498 616
542 851 299
915 929 349
51 351 256
650 797 901
609 502 545
544 356 258
77 401 458
9 838 331
716 176 587
617 53 424
574 949 414
272 924 869
248 648 267
708 722 341
22 238 171
263 579 824
427 845 783
7 674 898
380 841 662
244 190 835
691 875 156
960 258 487
249 139 545
750 708 655
903 10 236
379 825 227
81 147 823
104 727 470
188 175 83
173 100 777
755 825 664
561 618 595
694 173 736
360 303 223
648 170 215
431 1 40
513 373 361
28 724 587
325 746 347
532 970 79
511 583 399
661 36 665
936 546 28
321 746 999
11 162 988
539 941 11
163 228 526
200 777 51
677 300 616
691 835 192
864 223 372
311 418 240
498 142 981
695 282 215
149 766 125
299 635 557
193 25 219
228 632 238
102 493 687
505 129 856
477 206 516
461 728 824
443 436 434
847 401 401
94 873 856
128 220 423
649 412 358
466 600 516
206 702 952
672 803 480
818 947 826
242 885 61
540 379 664
559 556 213
75 539 611
934 874 664
713 632 345
678 417 740
741 581 530
946 234 517
538 587 184
553 551 289
455 690 69
899 751 83
603 151 739
834 234 968
949 41 312
162 478 816
919 544 253
766 583 302
628 14 602
11 457 777
737 584 397
876 333 719
360 870 127
266 49 416
405 562 101
998 902 400
540 265 643
910 586 211
662 509 718
472 329 884
623 256 984
231 663 458
573 5 507
62 194 164
72 838 177
59 941 381
888 479 384
288 502 609
593 54 646
492 335 718
302 911 127
214 647 647
125 585 974
589 349 574
756 345 683
460 580 270
655 957 570
670 883 875
496 325 608
805 761 800
997 365 170
831 645 766
319 411 266
241 191 680
576 290 910
886 251 484
646 201 632
898 683 287
617 969 984
500 929 453
716 256 120
615 653 659
410 487 487
53 467 962
227 328 539
233 251 634
524 11 839
91 348 106
979 586 761
578 832 403
31 772 196
779 324 723
369 550 200
560 439 963
488 599 462
934 737 170
857 929 164
872 727 670
555 16 556
305 404 591
734 937 234
243 84 141
616 735 26
451 471 987
745 37 58
814 965 752
321 575 338
138 990 580
487 578 354
335 81 323
299 688 832
509 466 56
442 48 943
561 485 593
85 52 761
520 115 928
468 598 742
33 718 66
176 403 136
970 653 834
271 309 46
219 462 314
451 550 99
491 360 527
913 34 584
200 909 427
984 328 925
27 191 725
614 159 565
220 333 37
10 567 507
444 226 189
160 520 966
177 963 746
181 23 979
871 136 511
18 5 162
760 52 168
58 882 167
440 702 456
218 854 732
589 339 45
198 831 969
751 815 397
680 499 205
855 144 215
138 871 564
364 445 829
490 850 199
227 629 892
706 37 917
180 42 223
996 245 251
9 397 230
676 365 535
923 218 110
481 445 179
925 134 995
338 72 270
557 850 936
862 788 696
300 641 557
558 197 814
25 857 153
91 578 960
18 320 683
681 50 879
546 712 508
988 194 810
810 110 53
187 624 586
808 281 893
328 108 878
539 907 900
207 685 950
588 958 340
96 127 204
182 673 839
548 610 783
110 541 143
515 137 880
764 636 282
110 611 512
348 500 91
684 209 522
884 655 318
964 25 521
158 663 384
967 326 931
277 655 467
939 3 801
591 790 159
65 709 538
966 748 66
3 319 311
659 219 687
282 60 634
872 934 9
120 87 555
344 654 686
109 813 460
824 440 985
791 348 225
93 433 476
505 241 988
536 76 192
849 890 327
136 439 951
998 733 159
403 584 605
360 890 583
85 670 233
822 869 719
896 764 127
226 719 522
803 105 814
157 817 803
46 545 659
285 375 505
23 605 662
168 118 182
398 17 604
694 601 494
90 455 757
533 600 849
7 765 999
833 815 270
190 719 255
389 120 116
540 794 566
111 110 827
766 124 487
839 790 343
260 767 791
967 191 653
724 568 880
427 71 38
93 385 570
479 819 480
297 607 302
0 58 677
371 718 996
462 988 294
163 911 346
183 212 517
387 620 378
306 38 190
352 413 540
506 208 998
596 400 87
380 712 968
308 182 324
92 943 476
250 625 43
398 558 445
330 338 759
676 728 390
705 666 180
443 575 330
183 566 582
298 592 354
773 411 763
272 158 214
846 124 38
468 632 268
57 197 475
454 81 743
243 86 913
810 677 741
970 215 666
644 554 227
72 981 577
417 815 282
390 180 368
388 177 558
556 28 117
537 708 109
998 948 731
190 352 295
39 415 294
183 2 179
663 105 720
647 892 900
355 326 769
830 114 393
620 291 787
201 259 850
772 211 725
655 840 151
73 591 698
851 431 663
355 492 818
381 205 212
319 617 115
603 528 692
515 937 959
795 227 504
711 323 87
689 156 97
287 35 689
607 919 418
16 7 695
430 632 761
833 103 248
870 227 609
35 478 418
995 155 808
419 754 543
355 167 695
142 398 48
324 93 231
845 292 506
416 207 294
384 162 574
222 262 347
157 791 421
126 516 522
582 268 366
853 760 216
293 916 526
46 18 839
152 594 49
851 700 129
393 747 779
358 913 56
512 724 298
457 836 740
683 832 472
568 926 815
385 401 21
998 224 141
297 429 531
901 790 211
453 798 63
534 726 893
643 32 713
644 334 628
610 671 477
37 835 486
196 569 511
758 113 943
85 570 860
234 260 753
578 774 436
723 725 243
346 348 252
751 466 944
154 654 717
901 838 492
165 215 532
267 556 558
687 692 186
148 152 245
710 328 468
402 435 644
610 567 747
3 771 798
980 495 200
334 35 127
708 616 994
786 249 516
761 585 71
648 138 419
771 905 200
96 328 717
547 369 539
498 270 777
244 228 172
778 992 844
661 597 558
47 179 232
588 871 196
271 362 240
507 720 296
660 729 234
933 808 525
794 505 928
244 365 781
855 661 697
27 655 167
465 789 559
805 701 97
690 13 549
325 137 597
408 395 713
865 924 158
271 481 439
691 461 35
510 25 837
447 228 531
129 443 771
561 793 400
855 766 985
46 560 782
29 772 745
570 479 262
317 484 503
784 516 956
441 386 995
389 151 527
625 573 573
972 921 806
386 835 550
294 466 245
172 745 673
858 420 284
63 970 529
370 285 181
784 542 383
829 85 84
644 782 251
994 751 337
97 807 605
711 986 752
283 267 490
33 348 731
310 182 814
755 752 601
59 691 664
101 845 231
796 68 738
502 959 326
252 411 534
673 641 233
182 991 597
20 731 312
702 120 372
133 768 651
209 701 97
977 406 772
103 339 627
846 146 416
377 501 202
113 962 842
42 760 104
937 603 147
574 587 827
931 41 544
968 445 955
321 836 353
592 730 178
574 603 458
52 356 593
613 909 71
247 243 261
970 886 39
783 704 761
493 959 596
590 821 993
85 110 312
922 99 518
756 465 880
707 985 322
547 605 688
986 43 988
556 100 237
166 627 636
593 439 771
815 67 197
634 257 292
810 316 484
16 647 869
646 440 535
295 231 335
754 399 876
609 869 736
261 916 641
258 607 946
777 378 147
679 569 469
43 420 316
326 514 687
995 661 330
833 428 351
836 764 523
548 715 683
183 538 859
535 265 797
656 983 144
289 610 12
602 166 244
795 184 470
0 836 444
765 620 114
457 538 108
232 216 988
128 868 589
591 16 159
562 869 292
917 857 725
773 370 799
529 576 395
47 795 486
542 807 201
683 766 468
956 84 146
633 166 238
405 198 998
917 972 223
869 86 617
738 69 0
117 344 317
343 101 968
760 159 580
254 440 16
430 30 248
219 14 88
657 944 556
985 371 385
64 851 136
939 473 18
44 595 127
903 698 835
214 386 659
870 754 825
206 25 85
368 342 257
667 197 810
952 71 82
442 386 30
164 889 79
183 559 272
798 490 109
623 897 897
326 531 734
337 64 361
610 70 202
866 89 331
427 141 288
730 32 646
257 63 571
812 945 391
685 333 600
767 610 677
755 230 34
771 210 523
816 308 792
60 632 499
676 87 117
56 407 244
611 394 596
357 600 277
675 125 238
403 65 304
999 599 84
979 381 747
625 507 805
836 328 492
148 742 292
330 584 406
799 537 855
305 510 957
790 538 390
200 657 370
820 993 349
949 698 599
991 587 258
460 826 926
697 185 21
7 169 283
618 723 322
757 997 581
858 161 618
338 698 462
47 740 280
988 40 850
678 518 62
794 287 46
234 795 761
874 937 629
149 808 554
209 704 647
512 689 77
784 22 969
712 568 411
193 582 704
148 802 424
323 582 646
751 511 37
171 981 188
19 192 536
486 558 619
192 753 687
854 437 944
847 519 975
975 976 587
795 42 971
252 655 517
412 631 227
539 25 50
745 189 312
837 184 532
439 916 856
289 992 561
827 849 606
827 783 943
425 744 792
526 44 17
922 513 569
915 367 233
579 601 512
843 307 739
46 319 275
624 165 492
416 541 463
455 914 505
560 796 199
613 97 560
986 609 80
351 470 762
70 141 747
763 203 123
3 800 455
279 1 144
600 715 262
368 121 673
561 119 984
445 170 618
768 418 113
261 798 551
91 668 293
246 745 936
322 893 841
576 719 444
789 322 239
173 533 304
441 431 172
722 147 553
353 744 439
389 785 351
508 337 226
829 997 229
686 80 982
60 339 293
214 280 570
109 951 75
159 72 27
604 136 964
950 25 247
143 612 786
84 720 726
987 464 277
597 379 154
693 613 483
933 212 17
633 875 541
997 623 625
254 785 980
731 471 698
325 792 970
298 359 864
814 470 942
484 606 606
625 989 295
650 424 7
291 624 888
395 342 853
94 972 260
336 246 400
997 571 806
949 173 578
417 148 846
630 571 593
700 600 275
707 464 396
462 78 351
254 977 281
80 760 342
849 687 730
908 223 544
880 439 723
996 523 768
726 56 704
489 538 729
784 66 150
665 279 269
314 694 148
341 810 557
739 599 833
397 38 643
410 801 398
840 808 358
354 146 539
523 173 125
753 30 559
540 101 21
329 256 385
656 59 93
714 894 117
175 65 155
963 908 521
592 437 438
103 757 450
718 295 252
390 274 257
24 984 307
836 199 407
279 857 135
82 530 872
506 874 564
6 269 353
799 114 531
999 973 877
611 514 534
337 893 420
918 533 722
743 700 215
459 550 535
32 475 638
997 301 79
592 258 13
189 105 272
125 39 614
346 709 466
78 892 275
831 601 516
357 215 521
327 366 752
467 620 728
377 1 324
644 197 112
836 20 957
937 976 194
459 30 192
195 86 430
760 194 60
824 65 715
361 930 448
152 54 247
296 787 476
936 939 306
470 458 782
206 908 112
95 247 249
849 807 525
633 66 344
721 628 452
9 612 680
382 860 385
69 800 860
371 415 813
440 935 139
432 840 605
542 437 137
41 217 74
406 398 207
914 68 390
202 504 180
900 673 869
293 434 493
290 692 333
334 163 640
59 448 840
438 896 422
320 168 370
998 333 813
503 241 793
372 553 21
668 312 706
884 915 829
761 841 907
525 807 719
899 790 782
472 235 680
897 263 239
93 407 770
354 397 763
892 334 519
907 991 380
319 692 678
504 70 200
246 114 91
784 122 925
996 483 525
798 644 297
733 534 624
745 158 311
169 432 585
196 581 778
669 606 32
192 411 756
567 584 387
147 843 112
622 686 507
898 860 877
905 431 600
271 878 342
202 875 153
543 982 403
597 765 531
301 624 20
896 967 37
113 500 386
198 278 33
34 227 573
601 26 498
774 865 968
895 761 968
862 772 1
70 579 486
707 630 993
752 421 572
347 16 947
80 289 516
525 238 576
536 612 114
614 742 144
329 662 733
664 280 961
694 592 113
665 587 615
504 80 689
83 535 879
681 721 443
45 254 83
812 704 43
72 480 825
419 834 22
896 174 290
243 620 865
888 922 239
187 209 314
972 137 912
870 840 556
668 374 314
186 713 356
852 832 442
963 273 34
930 696 529
596 377 380
206 945 258
472 767 845
179 705 565
690 519 631
262 694 395
17 868 232
667 245 939
906 87 289
976 783 149
333 383 322
218 357 862
47 978 308
860 606 857
730 941 687
87 519 608
697 931 961
517 546 204
996 87 580
243 398 79
685 651 932
671 684 397
762 664 979
4 567 753
575 98 627
870 698 701
512 19 763
201 141 238
252 487 772
363 417 216
932 810 351
109 841 158
462 814 780
503 238 170
243 932 567
360 367 13
834 431 298
343 770 83
642 765 491
866 66 362
726 261 174
867 174 579
966 576 401
384 398 298
806 104 770
698 825 797
774 861 738
816 589 923
240 191 243
167 949 172
436 111 281
280 216 718
801 535 734
704 436 205
441 986 256
499 687 49
584 706 26
936 694 363
580 428 404
97 621 133
973 717 858
144 493 626
716 160 304
455 809 416
282 442 49
464 606 73
18 508 600
497 816 513
559 442 142
738 241 235
738 781 762
996 260 37
157 805 338
684 841 22
833 356 641
705 609 600
709 584 976
968 314 499
368 264 162
101 877 424
713 895 439
710 781 860
555 600 204
566 918 874
378 909 178
51 628 265
787 951 336
350 830 613
598 470 648
433 657 727
295 739 937
951 752 725
716 765 328
968 81 965
501 873 935
429 748 441
542 652 662
671 969 633
633 968 350
441 643 34
275 487 631
658 873 485
208 471 521
315 290 406
414 701 590
816 411 804
308 738 948
995 20 808
56 560 214
454 654 167
677 960 589
804 642 924
36 723 165
223 570 932
495 926 746
842 961 158
984 479 43
244 550 377
570 731 733
617 421 244
334 94 346
810 151 332
417 637 96
120 624 116
833 978 929
892 494 995
408 946 160
394 118 956
402 264 630
934 58 773
781 981 916
667 504 39
416 473 586
779 564 287
554 231 616
893 444 509
950 222 619
238 912 759
948 500 988
222 313 787
156 251 484
132 170 595
529 929 24
214 80 97
865 486 708
86 286 941
643 64 552
639 123 719
437 499 550
411 807 696
278 370 199
920 735 573
321 350 75
903 992 726
805 791 635
865 680 580
583 543 605
799 913 42
787 903 482
77 237 850
85 306 842
946 755 948
864 509 595
271 828 161
382 561 891
556 589 839
746 590 975
212 906 988
294 497 895
404 44 270
966 213 582
691 481 381
410 376 438
418 669 724
99 24 299
475 455 848
400 761 424
80 702 823
52 544 987
862 885 822
213 316 600
15 202 44
2 150 291
417 206 757
18 894 799
318 690 762
350 555 969
445 531 493
135 426 188
407 873 154
770 574 996
656 596 821
91 611 154
987 194 253
888 878 762
434 458 788
697 188 394
560 839 492
502 917 941
157 311 30
738 109 897
496 453 396
983 300 720
362 630 134
730 427 130
900 100 242
680 114 813
879 782 728
84 937 340
239 47 582
322 392 762
145 843 757
524 600 882
191 880 665
718 71 105
260 914 745
312 775 894
774 908 19
755 978 11
824 61 124
240 450 54
252 253 435
458 26 952
896 520 439
367 2 203
521 874 795
779 216 770
661 471 750
200 387 335
428 421 939
603 401 753
127 449 251
227 727 307
360 28 820
124 122 619
405 139 843
410 912 593
971 682 13
284 458 975
437 433 911
627 846 945
629 292 66
212 553 964
846 489 82
986 369 444
306 127 564
495 601 604
449 801 530
787 647 620
320 599 508
43 240 168
728 968 131
492 884 624
799 113 477
761 604 674
4 430 743
319 763 183
745 908 111
880 146 994
599 230 542
448 74 120
578 88 326
877 905 469
71 674 664
707 971 315
215 860 679
494 368 67
789 720 950
315 617 71
586 950 113
136 456 236
743 437 775
645 860 405
227 805 787
166 572 916
473 230 33
910 245 385
4 915 229
680 611 773
714 471 111
194 549 989
273 971 319
939 862 479
308 682 49
948 841 199
682 1 734
19 292 630
442 867 502
997 828 490
427 426 88
459 757 40
117 473 37
395 19 473
636 238 745
188 132 237
967 506 784
168 375 595
640 76 443
340 507 74
298 916 754
144 680 859
297 348 936
509 973 580
985 40 236
868 456 264
103 490 688
545 688 366
121 580 436
90 81 293
732 554 430
483 88 604
750 820 490
47 518 277
308 483 227
444 188 433
97 221 537
818 788 513
788 21 443
276 921 224
40 372 177
653 184 553
942 405 690
181 256 950
189 742 555
529 958 813
494 190 870
316 124 291
533 70 721
574 6 694
853 691 766
396 260 415
757 349 79
249 868 609
757 422 948
824 245 270
381 187 464
275 385 643
75 268 650
680 292 176
140 851 455
703 615 744
771 900 89
552 817 740
918 743 703
68 983 518
129 639 602
205 624 470
230 754 702
543 727 943
232 835 91
897 150 334
325 521 650
614 747 817
921 630 933
266 803 269
107 369 863
854 471 375
749 4 927
637 906 281
48 593 514
393 988 523
806 396 101
560 672 759
210 997 666
216 245 240
433 456 978
858 335 765
652 649 577
878 331 986
765 468 559
735 885 465
161 35 171
753 76 876
148 849 918
153 290 259
838 895 646
457 113 957
976 911 308
934 943 488
442 944 970
503 544 127
148 428 151
219 725 453
181 46 521
368 478 175
557 109 383
882 717 507
717 580 274
419 770 952
855 139 690
69 797 639
117 600 155
844 876 890
938 887 194
865 776 828
220 572 253
287 868 220
785 67 345
169 708 600
152 468 752
492 95 846
400 957 399
96 629 275
234 751 549
251 414 887
463 106 468
204 322 496
456 484 34
123 887 577
688 361 343
891 251 559
887 287 867
452 800 367
824 217 716
114 631 119
647 241 90
296 190 795
840 142 137
727 72 780
36 377 673
357 484 441
910 338 963
450 369 782
717 781 520
89 764 310
57 35 659
288 66 776
482 424 844
609 563 55
787 18 950
878 488 372
446 587 100
364 905 299
537 25 126
898 485 368
577 865 596
122 373 811
590 800 720
929 573 613
107 217 753
